   1.83118897710748      -0.400227467852535      -1.189234257945038E-018
  1.911308111219860E-003  3.358818950801040E-004  1.165517335421917E-018
 -1.854162964631978E-003 -3.808200571798234E-004  2.582706999560812E-002
  2.354751593366955E-019 -3.702678356404964E-004 -9.494309117399212E-005
 -2.075230720773036E-019  3.205317306307541E-004  9.153327577378839E-005
   3.50305824455143      -7.909712978397378E-015 -3.265423311338314E-015
  -4.25003452165489       6.152199978429262E-015  2.497020465145489E-015
   7.78546349428758       2.909260903514176E-003  6.152251718683034E-015
  -11.7686213257978      -1.739546786010360E-003   7.78713565574853     
  2.497013741473630E-015 -1.716128541027335E-003  -11.7723002301328     
   1.33060471600664      -4.864859075674011E-015 -1.949519015892627E-015
   4.55324230865653       1.005995182879067E-003   4.55493520060675     
   1.83118897710748      -0.400227467852535       1.189234257945038E-018
 -1.911308111219859E-003 -3.358818950801040E-004 -1.165517335421917E-018
  1.854162964631978E-003  3.808200571798234E-004  2.582706999560812E-002
 -2.354751593366955E-019  3.702678356404964E-004  9.494309117399212E-005
  2.075230720773036E-019 -3.205317306307541E-004 -9.153327577378839E-005
   3.50305824455143      -7.909712978548688E-015 -3.265423304189706E-015
  -4.25003452165489       6.152199978588931E-015  2.497020463580722E-015
   7.78546349428758       2.909260903514176E-003  6.152251718682120E-015
  -11.7686213257978      -1.739546786010360E-003   7.78713565574853     
  2.497013741473630E-015 -1.716128541027335E-003  -11.7723002301328     
   1.33060471600664      -4.864859075841196E-015 -1.949519015695011E-015
   4.55324230865653       1.005995182879067E-003   4.55493520060675     
